0.114381833474
0.923965351299
0.951566951567
0.965192850423
0.969014084507
0.970946579194
0.972820993440
0.973782771536
0.974742750234
0.975655430712
0.978403755869
0.978403755869
0.978403755869
0.978403755869
0.978403755869
0.978403755869
0.978403755869
0.978403755869
0.979323308271
0.979323308271
0.979323308271
0.979323308271
0.979323308271
0.979323308271
0.979323308271
0.979323308271
0.979323308271
0.979323308271
0.979323308271
0.979323308271
0.979323308271
0.979323308271
0.979323308271
0.979323308271
0.979323308271
0.979323308271
0.979323308271
0.979323308271
0.979323308271
0.979323308271
0.979323308271
0.979323308271
0.979323308271
0.979323308271
0.979323308271
0.979323308271
0.979323308271
0.979323308271
0.979323308271
0.979323308271

0.034285714286
0.919540229885
0.965517241379
0.971428571429
0.971428571429
0.977272727273
0.977272727273
0.977272727273
0.977272727273
0.977272727273
0.977272727273
0.977272727273
0.977272727273
0.977272727273
0.977272727273
0.977272727273
0.977272727273
0.977272727273
0.977272727273
0.977272727273
0.977272727273
0.977272727273
0.977272727273
0.977272727273
0.977272727273
0.977272727273
0.977272727273
0.977272727273
0.983050847458
0.983050847458
0.983050847458
0.983050847458
0.983050847458
0.983050847458
0.983050847458
0.983050847458
0.983050847458
0.983050847458
0.983050847458
0.983050847458
0.983050847458
0.983050847458
0.983050847458
0.983050847458
0.983050847458
0.983050847458
0.983050847458
0.983050847458
0.983050847458
0.983050847458


0.619301361753
nan
nan
nan
0.763678696158
0.865087538620
0.908548707753
0.943214629451
0.959395656280
0.969014084507
0.972820993440
0.974742750234
0.978403755869
0.978403755869
0.978403755869
0.978403755869
0.979323308271
0.979323308271
0.979323308271
0.979323308271
0.979323308271
0.979323308271
0.979323308271
0.979323308271
0.979323308271
0.979323308271
0.979323308271
0.979323308271
0.979323308271
0.983018867925
0.983018867925
0.983018867925
0.983018867925
0.983018867925
0.983018867925
0.983018867925
0.983018867925
0.983018867925
0.985808893094
0.985808893094
0.985808893094
0.990494296578
0.990494296578
0.990494296578
0.990494296578
0.990494296578
0.990494296578
0.990494296578
0.990494296578
0.990494296578

0.593856655290
nan
nan
nan
0.561983471074
0.794871794872
0.924855491329
0.965517241379
0.965517241379
0.977272727273
0.977272727273
0.977272727273
0.977272727273
0.977272727273
0.977272727273
0.977272727273
0.977272727273
0.977272727273
0.977272727273
0.977272727273
0.977272727273
0.977272727273
0.977272727273
0.977272727273
0.977272727273
0.977272727273
0.977272727273
0.977272727273
0.982857142857
0.982857142857
0.982857142857
0.982857142857
0.982857142857
0.982857142857
0.982857142857
0.982857142857
0.982857142857
0.982857142857
0.982857142857
0.982857142857
0.982857142857
0.982857142857
0.982857142857
0.982857142857
0.982857142857
0.982857142857
0.982857142857
0.982857142857
0.982857142857
0.982857142857


