0.114381833474
0.964218455744
0.972820993440
0.975655430712
0.978403755869
0.978403755869
0.979323308271
0.979323308271
0.979323308271
0.979323308271
0.979323308271
0.979323308271
0.979323308271
0.979323308271
0.979323308271
0.979323308271
0.979323308271
0.979323308271
0.979323308271
0.979323308271
0.979323308271
0.979323308271
0.979323308271
0.979323308271
0.979323308271
0.983018867925
0.983018867925
0.983018867925
0.983018867925
0.983018867925
0.983018867925
0.983018867925
0.983018867925
0.983018867925
0.983018867925
0.983018867925
0.983018867925
0.985808893094
0.985808893094
0.985808893094
0.985808893094
0.985808893094
0.985808893094
0.985808893094
0.985808893094
0.985808893094
0.985808893094
0.985808893094
0.985808893094
0.985808893094

0.034285714286
0.971428571429
0.977272727273
0.977272727273
0.977272727273
0.977272727273
0.977272727273
0.977272727273
0.977272727273
0.983050847458
0.983050847458
0.983050847458
0.983050847458
0.983050847458
0.983050847458
0.983050847458
0.983050847458
0.983050847458
0.983050847458
0.983050847458
0.983050847458
0.983050847458
0.983050847458
0.983050847458
0.983050847458
0.988636363636
0.988636363636
0.988636363636
0.988636363636
0.988636363636
0.988636363636
0.988636363636
0.982857142857
0.982857142857
0.982857142857
0.982857142857
0.982857142857
0.982857142857
0.982857142857
0.982857142857
0.982857142857
0.982857142857
0.982857142857
0.982857142857
0.982857142857
0.982857142857
0.982857142857
0.982857142857
0.982857142857
0.982857142857


nan
nan
0.935546875000
0.969924812030
0.978403755869
0.979323308271
0.979323308271
0.979323308271
0.983018867925
0.983018867925
0.983018867925
0.983018867925
0.985808893094
0.990494296578
0.990494296578
0.990494296578
0.990494296578
0.990494296578
0.990494296578
0.990494296578
0.990494296578
0.990494296578
0.990494296578
0.990494296578
0.990494296578
0.990494296578
0.990494296578
0.990494296578
0.990494296578
0.990494296578
0.990494296578
0.990494296578
0.990494296578
0.990494296578
0.990494296578
0.990494296578
0.990494296578
0.990494296578
0.990494296578
0.990494296578
0.990494296578
0.990494296578
0.990494296578
0.990494296578
0.990494296578
0.990494296578
0.990494296578
0.990494296578
0.990494296578
0.990494296578

nan
nan
0.941176470588
0.971428571429
0.977272727273
0.977272727273
0.977272727273
0.977272727273
0.982857142857
0.982857142857
0.982857142857
0.982857142857
0.982857142857
0.982857142857
0.982857142857
0.977011494253
0.977011494253
0.977011494253
0.977011494253
0.977011494253
0.977011494253
0.977011494253
0.977011494253
0.977011494253
0.977011494253
0.977011494253
0.977011494253
0.977011494253
0.977011494253
0.977011494253
0.977011494253
0.977011494253
0.977011494253
0.977011494253
0.977011494253
0.977011494253
0.977011494253
0.977011494253
0.977011494253
0.977011494253
0.977011494253
0.977011494253
0.977011494253
0.977011494253
0.977011494253
0.977011494253
0.977011494253
0.977011494253
0.977011494253
0.977011494253


