0.114381833474
0.923965351299
0.951566951567
0.965192850423
0.969014084507
0.970946579194
0.972820993440
0.973782771536
0.974742750234
0.975655430712
0.978403755869
0.978403755869
0.978403755869
0.978403755869
0.978403755869
0.978403755869
0.978403755869
0.978403755869
0.979323308271
0.979323308271
0.979323308271
0.979323308271
0.979323308271
0.979323308271
0.979323308271
0.979323308271
0.979323308271
0.979323308271
0.979323308271
0.979323308271
0.979323308271
0.979323308271
0.979323308271
0.979323308271
0.979323308271
0.979323308271
0.979323308271
0.979323308271
0.979323308271
0.979323308271
0.979323308271
0.979323308271
0.979323308271
0.979323308271
0.979323308271
0.979323308271
0.979323308271
0.979323308271
0.979323308271
0.979323308271

0.034285714286
0.919540229885
0.965517241379
0.971428571429
0.971428571429
0.977272727273
0.977272727273
0.977272727273
0.977272727273
0.977272727273
0.977272727273
0.977272727273
0.977272727273
0.977272727273
0.977272727273
0.977272727273
0.977272727273
0.977272727273
0.977272727273
0.977272727273
0.977272727273
0.977272727273
0.977272727273
0.977272727273
0.977272727273
0.977272727273
0.977272727273
0.977272727273
0.983050847458
0.983050847458
0.983050847458
0.983050847458
0.983050847458
0.983050847458
0.983050847458
0.983050847458
0.983050847458
0.983050847458
0.983050847458
0.983050847458
0.983050847458
0.983050847458
0.983050847458
0.983050847458
0.983050847458
0.983050847458
0.983050847458
0.983050847458
0.983050847458
0.983050847458


nan
nan
nan
0.236087689713
0.828541001065
0.903865213082
0.942307692308
0.961357210179
0.968045112782
0.971857410882
0.973782771536
0.978403755869
0.978403755869
0.978403755869
0.978403755869
0.979323308271
0.979323308271
0.979323308271
0.979323308271
0.979323308271
0.979323308271
0.979323308271
0.979323308271
0.979323308271
0.979323308271
0.983018867925
0.983018867925
0.983018867925
0.983018867925
0.983018867925
0.983018867925
0.983018867925
0.983018867925
0.983018867925
0.983018867925
0.983018867925
0.985808893094
0.985808893094
0.985808893094
0.990494296578
0.990494296578
0.990494296578
0.990494296578
0.990494296578
0.990494296578
0.990494296578
0.990494296578
0.990494296578
0.990494296578
0.990494296578

0.593856655290
nan
nan
0.168421052632
0.746666666667
0.919540229885
0.952941176471
0.965517241379
0.971428571429
0.977272727273
0.977272727273
0.977272727273
0.977272727273
0.977272727273
0.977272727273
0.977272727273
0.977272727273
0.977272727273
0.977272727273
0.977272727273
0.977272727273
0.977272727273
0.977272727273
0.977272727273
0.977272727273
0.982857142857
0.982857142857
0.982857142857
0.982857142857
0.982857142857
0.982857142857
0.982857142857
0.982857142857
0.982857142857
0.982857142857
0.982857142857
0.982857142857
0.982857142857
0.982857142857
0.982857142857
0.982857142857
0.982857142857
0.982857142857
0.982857142857
0.982857142857
0.982857142857
0.982857142857
0.982857142857
0.982857142857
0.982857142857


