0.114381833474
0.923965351299
0.951566951567
0.965192850423
0.969014084507
0.970946579194
0.972820993440
0.973782771536
0.974742750234
0.975655430712
0.978403755869
0.978403755869
0.978403755869
0.978403755869
0.978403755869
0.978403755869
0.978403755869
0.978403755869
0.979323308271
0.979323308271
0.979323308271
0.979323308271
0.979323308271
0.979323308271
0.979323308271
0.979323308271
0.979323308271
0.979323308271
0.979323308271
0.979323308271
0.979323308271
0.979323308271
0.979323308271
0.979323308271
0.979323308271
0.979323308271
0.979323308271
0.979323308271
0.979323308271
0.979323308271
0.979323308271
0.979323308271
0.979323308271
0.979323308271
0.979323308271
0.979323308271
0.979323308271
0.979323308271
0.979323308271
0.979323308271

0.034285714286
0.919540229885
0.965517241379
0.971428571429
0.971428571429
0.977272727273
0.977272727273
0.977272727273
0.977272727273
0.977272727273
0.977272727273
0.977272727273
0.977272727273
0.977272727273
0.977272727273
0.977272727273
0.977272727273
0.977272727273
0.977272727273
0.977272727273
0.977272727273
0.977272727273
0.977272727273
0.977272727273
0.977272727273
0.977272727273
0.977272727273
0.977272727273
0.983050847458
0.983050847458
0.983050847458
0.983050847458
0.983050847458
0.983050847458
0.983050847458
0.983050847458
0.983050847458
0.983050847458
0.983050847458
0.983050847458
0.983050847458
0.983050847458
0.983050847458
0.983050847458
0.983050847458
0.983050847458
0.983050847458
0.983050847458
0.983050847458
0.983050847458


nan
nan
nan
nan
0.794672586016
0.893069306931
0.934761441091
0.955534531693
0.968045112782
0.970892018779
0.973782771536
0.975655430712
0.978403755869
0.978403755869
0.978403755869
0.979323308271
0.979323308271
0.979323308271
0.979323308271
0.979323308271
0.979323308271
0.979323308271
0.979323308271
0.979323308271
0.979323308271
0.979323308271
0.983018867925
0.983018867925
0.983018867925
0.983018867925
0.983018867925
0.983018867925
0.983018867925
0.983018867925
0.983018867925
0.983018867925
0.983018867925
0.985808893094
0.985808893094
0.985808893094
0.985808893094
0.990494296578
0.990494296578
0.990494296578
0.990494296578
0.990494296578
0.990494296578
0.990494296578
0.990494296578
0.990494296578

nan
nan
nan
nan
0.738255033557
0.906976744186
0.941176470588
0.965517241379
0.971428571429
0.977272727273
0.977272727273
0.977272727273
0.977272727273
0.977272727273
0.977272727273
0.977272727273
0.977272727273
0.977272727273
0.977272727273
0.977272727273
0.977272727273
0.977272727273
0.977272727273
0.977272727273
0.977272727273
0.977272727273
0.982857142857
0.982857142857
0.982857142857
0.982857142857
0.982857142857
0.982857142857
0.982857142857
0.982857142857
0.982857142857
0.982857142857
0.982857142857
0.982857142857
0.982857142857
0.982857142857
0.982857142857
0.982857142857
0.982857142857
0.982857142857
0.982857142857
0.982857142857
0.982857142857
0.982857142857
0.982857142857
0.982857142857


